particle_id,x,y,vx,vy,time,energy
0,-631012859147439.9,34659963860062.707,581.618621670361,13.90232432100755,10829000000000.014,7688.265729320177
